MEME version 5.5.1 (Sun Jan 29 10:33:12 2023 -0800)

ALPHABET= ACGT

strands: + -

Background letter frequencies (from file `/mnt/disk16t/DAP/GEM/memechip/scTF-037_FKDL202616999/background'):
A 0.26880 C 0.23120 G 0.23120 T 0.26880 

MOTIF 1 4-CGGTATCAGCG-STREME-4

letter-probability matrix: alength= 4 w= 11 nsites= 541 E= 5.3e-023
  0.000063	  0.999816	  0.000058	  0.000063	
  0.000063	  0.000058	  0.999816	  0.000063	
  0.000063	  0.000058	  0.999816	  0.000063	
  0.271656	  0.005099	  0.000058	  0.723188	
  0.998144	  0.000058	  0.001735	  0.000063	
  0.000063	  0.000058	  0.000058	  0.999821	
  0.067187	  0.932692	  0.000058	  0.000063	
  0.999821	  0.000058	  0.000058	  0.000063	
  0.000063	  0.000058	  0.999816	  0.000063	
  0.000063	  0.999816	  0.000058	  0.000063	
  0.000063	  0.000058	  0.932692	  0.067187	

MOTIF 2 10-CGCGAATACC-STREME-10

letter-probability matrix: alength= 4 w= 10 nsites= 61 E= 1.8e-001
  0.023809	  0.930736	  0.021646	  0.023809	
  0.023809	  0.021646	  0.930736	  0.023809	
  0.023809	  0.930736	  0.021646	  0.023809	
  0.023809	  0.021646	  0.930736	  0.023809	
  0.932900	  0.021646	  0.021646	  0.023809	
  0.932900	  0.021646	  0.021646	  0.023809	
  0.023809	  0.021646	  0.021646	  0.932900	
  0.932900	  0.021646	  0.021646	  0.023809	
  0.023809	  0.930736	  0.021646	  0.023809	
  0.023809	  0.930736	  0.021646	  0.023809	

MOTIF 3 1-CCCTTAGGARCK-STREME-1

letter-probability matrix: alength= 4 w= 12 nsites= 590 E= 4.8e-031
  0.000064	  0.996972	  0.000058	  0.002906	
  0.000064	  0.999814	  0.000058	  0.000064	
  0.000064	  0.893980	  0.000058	  0.105898	
  0.000064	  0.000058	  0.003444	  0.996434	
  0.000064	  0.000058	  0.000058	  0.999820	
  0.869190	  0.020513	  0.017081	  0.093216	
  0.000064	  0.000058	  0.999814	  0.000064	
  0.000064	  0.000058	  0.999814	  0.000064	
  0.999820	  0.000058	  0.000058	  0.000064	
  0.664885	  0.000058	  0.334993	  0.000064	
  0.000064	  0.999814	  0.000058	  0.000064	
  0.000064	  0.000058	  0.664879	  0.334999	

MOTIF 4 5-GCGAAAAGTCAA-STREME-5

letter-probability matrix: alength= 4 w= 12 nsites= 518 E= 5.3e-023
  0.000052	  0.000047	  0.999849	  0.000052	
  0.000052	  0.999849	  0.000047	  0.000052	
  0.000052	  0.000047	  0.999849	  0.000052	
  0.999854	  0.000047	  0.000047	  0.000052	
  0.999854	  0.000047	  0.000047	  0.000052	
  0.999854	  0.000047	  0.000047	  0.000052	
  0.999854	  0.000047	  0.000047	  0.000052	
  0.011069	  0.000047	  0.988832	  0.000052	
  0.000052	  0.000047	  0.000047	  0.999854	
  0.002801	  0.997100	  0.000047	  0.000052	
  0.999854	  0.000047	  0.000047	  0.000052	
  0.999854	  0.000047	  0.000047	  0.000052	

MOTIF 5 8-CTCCAAAGA-STREME-8

letter-probability matrix: alength= 4 w= 9 nsites= 167 E= 6.4e-004
  0.000249	  0.999277	  0.000226	  0.000249	
  0.000249	  0.000226	  0.000226	  0.999299	
  0.000249	  0.999277	  0.000226	  0.000249	
  0.000249	  0.999277	  0.000226	  0.000249	
  0.999299	  0.000226	  0.000226	  0.000249	
  0.999299	  0.000226	  0.000226	  0.000249	
  0.999299	  0.000226	  0.000226	  0.000249	
  0.000249	  0.000226	  0.999277	  0.000249	
  0.999299	  0.000226	  0.000226	  0.000249	

MOTIF 6 2-GCTTACA-STREME-2

letter-probability matrix: alength= 4 w= 7 nsites= 591 E= 1.5e-029
  0.032330	  0.000060	  0.967543	  0.000067	
  0.000067	  0.999806	  0.000060	  0.000067	
  0.111577	  0.001892	  0.000060	  0.886470	
  0.000067	  0.000060	  0.000060	  0.999812	
  0.999812	  0.000060	  0.000060	  0.000067	
  0.000067	  0.955069	  0.000060	  0.044804	
  0.999812	  0.000060	  0.000060	  0.000067	

MOTIF 7 3-AAAAGGCGAAGA-STREME-3

letter-probability matrix: alength= 4 w= 12 nsites= 547 E= 1.2e-026
  0.847157	  0.000063	  0.000063	  0.152717	
  0.999805	  0.000063	  0.000063	  0.000069	
  0.999805	  0.000063	  0.000063	  0.000069	
  0.990931	  0.000063	  0.008937	  0.000069	
  0.000069	  0.000063	  0.999799	  0.000069	
  0.230952	  0.000063	  0.768916	  0.000069	
  0.000069	  0.999799	  0.000063	  0.000069	
  0.000069	  0.000063	  0.999799	  0.000069	
  0.999805	  0.000063	  0.000063	  0.000069	
  0.999805	  0.000063	  0.000063	  0.000069	
  0.000069	  0.000063	  0.999799	  0.000069	
  0.952941	  0.046927	  0.000063	  0.000069	

MOTIF 8 11-GCCTACA-STREME-11

letter-probability matrix: alength= 4 w= 7 nsites= 69 E= 3.5e-001
  0.023809	  0.021646	  0.930736	  0.023809	
  0.023809	  0.930736	  0.021646	  0.023809	
  0.023809	  0.930736	  0.021646	  0.023809	
  0.023809	  0.021646	  0.021646	  0.932900	
  0.932900	  0.021646	  0.021646	  0.023809	
  0.023809	  0.930736	  0.021646	  0.023809	
  0.932900	  0.021646	  0.021646	  0.023809	

MOTIF 9 7-ACTTAGR-STREME-7

letter-probability matrix: alength= 4 w= 7 nsites= 514 E= 4.7e-015
  0.999677	  0.000104	  0.000104	  0.000115	
  0.000115	  0.999667	  0.000104	  0.000115	
  0.000115	  0.000104	  0.000104	  0.999677	
  0.000115	  0.000104	  0.000104	  0.999677	
  0.712400	  0.000931	  0.000104	  0.286565	
  0.000115	  0.000104	  0.999667	  0.000115	
  0.346166	  0.000104	  0.653616	  0.000115	

MOTIF 10 6-AATGCAGA-STREME-6

letter-probability matrix: alength= 4 w= 8 nsites= 407 E= 1.2e-016
  0.997622	  0.002223	  0.000074	  0.000081	
  0.999771	  0.000074	  0.000074	  0.000081	
  0.000081	  0.040335	  0.000074	  0.959510	
  0.000081	  0.000074	  0.999764	  0.000081	
  0.000081	  0.999764	  0.000074	  0.000081	
  0.999771	  0.000074	  0.000074	  0.000081	
  0.000081	  0.002223	  0.997615	  0.000081	
  0.999771	  0.000074	  0.000074	  0.000081	

MOTIF 11 9-CGTTCCTAAGG-STREME-9

letter-probability matrix: alength= 4 w= 11 nsites= 100 E= 8.4e-002
  0.000447	  0.998700	  0.000406	  0.000447	
  0.000447	  0.000406	  0.998700	  0.000447	
  0.000447	  0.000406	  0.000406	  0.998741	
  0.000447	  0.000406	  0.000406	  0.998741	
  0.000447	  0.998700	  0.000406	  0.000447	
  0.000447	  0.998700	  0.000406	  0.000447	
  0.035990	  0.000406	  0.000406	  0.963198	
  0.829297	  0.000406	  0.000406	  0.169891	
  0.993839	  0.000406	  0.005308	  0.000447	
  0.000447	  0.000406	  0.998700	  0.000447	
  0.205434	  0.000406	  0.793713	  0.000447	

MOTIF 12 13-AGCAGAAAA-STREME-13

letter-probability matrix: alength= 4 w= 9 nsites= 42 E= 3.7e-001
  0.932900	  0.021646	  0.021646	  0.023809	
  0.023809	  0.021646	  0.930736	  0.023809	
  0.023809	  0.930736	  0.021646	  0.023809	
  0.932900	  0.021646	  0.021646	  0.023809	
  0.023809	  0.021646	  0.930736	  0.023809	
  0.932900	  0.021646	  0.021646	  0.023809	
  0.932900	  0.021646	  0.021646	  0.023809	
  0.932900	  0.021646	  0.021646	  0.023809	
  0.932900	  0.021646	  0.021646	  0.023809	

