MEME version 5.5.1 (Sun Jan 29 10:33:12 2023 -0800)

ALPHABET= ACGT

strands: + -

Background letter frequencies (from file `/mnt/disk16t/DAP/GEM/memechip_1/ZKC-2_L1_E28Y0000080/background'):
A 0.26380 C 0.23620 G 0.23620 T 0.26380 

MOTIF 1 5-GCTGATACCGCC-STREME-5

letter-probability matrix: alength= 4 w= 12 nsites= 550 E= 9.4e-028
  0.000067	  0.000063	  0.999802	  0.000067	
  0.000067	  0.999802	  0.000063	  0.000067	
  0.000067	  0.000063	  0.000063	  0.999807	
  0.001871	  0.000063	  0.968897	  0.029169	
  0.999807	  0.000063	  0.000063	  0.000067	
  0.000067	  0.005481	  0.000063	  0.994389	
  0.687841	  0.000063	  0.005490	  0.306606	
  0.000067	  0.999802	  0.000063	  0.000067	
  0.000067	  0.999802	  0.000063	  0.000067	
  0.000067	  0.000063	  0.999802	  0.000067	
  0.000067	  0.824770	  0.000063	  0.175100	
  0.000067	  0.961332	  0.000063	  0.038538	

MOTIF 2 9-AGCGGTATTCGC-STREME-9

letter-probability matrix: alength= 4 w= 12 nsites= 107 E= 1.6e-002
  0.932655	  0.021891	  0.021891	  0.023564	
  0.023564	  0.021891	  0.930982	  0.023564	
  0.023564	  0.930982	  0.021891	  0.023564	
  0.023564	  0.021891	  0.930982	  0.023564	
  0.023564	  0.021891	  0.930982	  0.023564	
  0.023564	  0.021891	  0.021891	  0.932655	
  0.932655	  0.021891	  0.021891	  0.023564	
  0.023564	  0.021891	  0.021891	  0.932655	
  0.023564	  0.021891	  0.021891	  0.932655	
  0.023564	  0.930982	  0.021891	  0.023564	
  0.023564	  0.021891	  0.930982	  0.023564	
  0.023564	  0.930982	  0.021891	  0.023564	

MOTIF 3 3-AAGTCAAC-STREME-3

letter-probability matrix: alength= 4 w= 8 nsites= 561 E= 4.5e-030
  0.999864	  0.000044	  0.000044	  0.000048	
  0.999864	  0.000044	  0.000044	  0.000048	
  0.000048	  0.000044	  0.999861	  0.000048	
  0.000048	  0.000044	  0.000044	  0.999864	
  0.000048	  0.998587	  0.001318	  0.000048	
  0.999864	  0.000044	  0.000044	  0.000048	
  0.972754	  0.027154	  0.000044	  0.000048	
  0.028431	  0.971419	  0.000044	  0.000105	

MOTIF 4 1-TCCCTTAGGARC-STREME-1

letter-probability matrix: alength= 4 w= 12 nsites= 579 E= 6.9e-033
  0.000064	  0.013721	  0.000059	  0.986156	
  0.000064	  0.999814	  0.000059	  0.000064	
  0.000064	  0.999814	  0.000059	  0.000064	
  0.000064	  0.999814	  0.000059	  0.000064	
  0.000064	  0.001759	  0.000059	  0.998119	
  0.000064	  0.013721	  0.000059	  0.986156	
  0.845879	  0.022335	  0.006876	  0.124910	
  0.000064	  0.000059	  0.999814	  0.000064	
  0.000064	  0.000059	  0.999814	  0.000064	
  0.999818	  0.000059	  0.000059	  0.000064	
  0.572477	  0.013721	  0.413739	  0.000064	
  0.000064	  0.999814	  0.000059	  0.000064	

MOTIF 5 4-CTTCGCCTTTTA-STREME-4

letter-probability matrix: alength= 4 w= 12 nsites= 549 E= 4.5e-030
  0.000066	  0.999807	  0.000061	  0.000066	
  0.000066	  0.000061	  0.000061	  0.999811	
  0.000066	  0.000061	  0.000061	  0.999811	
  0.000066	  0.999807	  0.000061	  0.000066	
  0.000066	  0.000061	  0.999807	  0.000066	
  0.000066	  0.820548	  0.000061	  0.179325	
  0.000066	  0.999807	  0.000061	  0.000066	
  0.000066	  0.011676	  0.000061	  0.988197	
  0.000066	  0.000061	  0.000061	  0.999811	
  0.000066	  0.001827	  0.000061	  0.998046	
  0.183246	  0.001827	  0.000061	  0.814866	
  0.816632	  0.183241	  0.000061	  0.000066	

MOTIF 6 2-CGCTGTAAGCY-STREME-2

letter-probability matrix: alength= 4 w= 11 nsites= 570 E= 6.9e-033
  0.000065	  0.998084	  0.000060	  0.001792	
  0.000065	  0.000060	  0.999811	  0.000065	
  0.000065	  0.999811	  0.000060	  0.000065	
  0.000065	  0.000060	  0.000060	  0.999815	
  0.006987	  0.000060	  0.992888	  0.000065	
  0.000065	  0.000060	  0.000060	  0.999815	
  0.992893	  0.000060	  0.006983	  0.000065	
  0.819643	  0.000060	  0.000060	  0.180237	
  0.000065	  0.000060	  0.999811	  0.000065	
  0.000065	  0.999811	  0.000060	  0.000065	
  0.000065	  0.439697	  0.000060	  0.560179	

MOTIF 7 8-AAAGRCGAAGAA-STREME-8

letter-probability matrix: alength= 4 w= 12 nsites= 118 E= 3.2e-003
  0.999011	  0.000322	  0.000322	  0.000346	
  0.999011	  0.000322	  0.000322	  0.000346	
  0.938104	  0.000322	  0.061228	  0.000346	
  0.000346	  0.000322	  0.998986	  0.000346	
  0.449424	  0.000322	  0.549909	  0.000346	
  0.000346	  0.998986	  0.000322	  0.000346	
  0.000346	  0.000322	  0.998986	  0.000346	
  0.999011	  0.000322	  0.000322	  0.000346	
  0.999011	  0.000322	  0.000322	  0.000346	
  0.000346	  0.000322	  0.998986	  0.000346	
  0.999011	  0.000322	  0.000322	  0.000346	
  0.999011	  0.000322	  0.000322	  0.000346	

MOTIF 8 6-MTGCAK-STREME-6

letter-probability matrix: alength= 4 w= 6 nsites= 376 E= 2.4e-017
  0.499893	  0.499885	  0.000107	  0.000115	
  0.000115	  0.000107	  0.000107	  0.999672	
  0.000115	  0.000107	  0.999664	  0.000115	
  0.000115	  0.999664	  0.000107	  0.000115	
  0.999672	  0.000107	  0.000107	  0.000115	
  0.000115	  0.000107	  0.499885	  0.499893	

MOTIF 9 10-GCCTACAGCGAA-STREME-10

letter-probability matrix: alength= 4 w= 12 nsites= 48 E= 3.2e-001
  0.023564	  0.021891	  0.930982	  0.023564	
  0.023564	  0.930982	  0.021891	  0.023564	
  0.023564	  0.930982	  0.021891	  0.023564	
  0.023564	  0.021891	  0.021891	  0.932655	
  0.932655	  0.021891	  0.021891	  0.023564	
  0.023564	  0.930982	  0.021891	  0.023564	
  0.932655	  0.021891	  0.021891	  0.023564	
  0.023564	  0.021891	  0.930982	  0.023564	
  0.023564	  0.930982	  0.021891	  0.023564	
  0.023564	  0.021891	  0.930982	  0.023564	
  0.932655	  0.021891	  0.021891	  0.023564	
  0.932655	  0.021891	  0.021891	  0.023564	

MOTIF 10 7-GWCTTTGGAGCT-STREME-7

letter-probability matrix: alength= 4 w= 12 nsites= 275 E= 1.6e-009
  0.000147	  0.000137	  0.999569	  0.000147	
  0.480748	  0.000137	  0.000137	  0.518978	
  0.000147	  0.999569	  0.000137	  0.000147	
  0.000147	  0.000137	  0.000137	  0.999580	
  0.000147	  0.000137	  0.000137	  0.999580	
  0.000147	  0.000137	  0.000137	  0.999580	
  0.000147	  0.000137	  0.999569	  0.000147	
  0.000147	  0.000137	  0.999569	  0.000147	
  0.999580	  0.000137	  0.000137	  0.000147	
  0.000147	  0.000137	  0.999569	  0.000147	
  0.000147	  0.999569	  0.000137	  0.000147	
  0.108238	  0.000137	  0.000137	  0.891488	

MOTIF 11 11-AAACTTACTC-STREME-11

letter-probability matrix: alength= 4 w= 10 nsites= 31 E= 2.7e+000
  0.932655	  0.021891	  0.021891	  0.023564	
  0.932655	  0.021891	  0.021891	  0.023564	
  0.932655	  0.021891	  0.021891	  0.023564	
  0.023564	  0.930982	  0.021891	  0.023564	
  0.023564	  0.021891	  0.021891	  0.932655	
  0.023564	  0.021891	  0.021891	  0.932655	
  0.932655	  0.021891	  0.021891	  0.023564	
  0.023564	  0.930982	  0.021891	  0.023564	
  0.023564	  0.021891	  0.021891	  0.932655	
  0.023564	  0.930982	  0.021891	  0.023564	

